2 250 
7.581926e-002 4.408357e-001 
-6.919402e-002 5.653840e-001 
6.801786e-002 -6.936226e-001 
-1.072541e-001 8.338692e-001 
8.997721e-002 -2.237378e+000 
-2.123092e-001 1.097644e+000 
2.847123e-002 -1.616916e-003 
-7.333229e-002 -1.614573e+000 
-7.733756e-002 -1.228727e+000 
1.518417e-002 2.074046e-001 
-3.368431e-002 2.209420e-001 
9.707607e-002 -1.006073e+000 
-1.072364e-002 -4.530671e-001 
1.013492e-001 1.399453e+000 
-4.753468e-002 -4.619640e-001 
6.894815e-003 3.271590e-002 
3.985921e-002 7.987832e-001 
1.116326e-001 8.968158e-001 
6.204511e-002 1.378917e-001 
-2.876745e-002 -1.619146e+000 
-1.371773e-001 -1.646606e+000 
-6.858684e-002 4.287069e-001 
3.316847e-002 -7.372308e-001 
-9.977218e-002 5.649261e-001 
2.914181e-002 -1.384167e+000 
1.107078e-001 4.602680e-001 
2.449586e-002 6.293836e-001 
1.649758e-002 3.798473e-001 
4.062313e-002 -1.013330e+000 
1.215981e-001 -3.472428e-001 
1.448424e-001 4.419123e-001 
-1.025137e-001 -1.590240e+000 
2.054180e-002 -7.014167e-001 
5.888822e-002 -1.077601e+000 
-2.640236e-002 1.002220e+000 
2.495318e-001 1.729481e+000 
8.559477e-002 7.090322e-001 
-8.509536e-002 -7.478969e-001 
8.118788e-002 2.288624e-001 
7.002417e-002 -2.234966e-001 
7.599383e-002 -8.532753e-001 
-1.712909e-001 3.456268e-001 
1.537021e-001 1.097645e-001 
-1.609847e-001 -1.133039e+000 
1.109526e-001 -6.831235e-001 
-1.109704e-001 -2.778562e-001 
3.854694e-002 6.547899e-001 
9.652308e-002 -1.248394e+000 
8.182972e-002 -5.975390e-001 
3.704878e-003 -4.818125e-001 
-9.260124e-002 9.833722e-001 
-1.119187e-002 1.762121e+000 
-8.030297e-002 1.427402e+000 
-1.665006e-001 9.117630e-001 
-9.014006e-002 3.268227e-001 
5.883497e-002 6.961854e-002 
5.541593e-002 -1.499763e+000 
-4.151726e-002 -4.182232e-001 
6.179486e-003 -2.103680e-002 
4.574316e-002 2.284245e-001 
1.990139e-002 -1.008196e+000 
2.575578e-002 -6.646222e-001 
2.080730e-001 5.581766e-001 
-2.277237e-001 -1.188542e+000 
3.390224e-002 -7.754815e-001 
2.898939e-002 2.710421e-001 
6.622609e-002 1.534976e+000 
-5.808602e-002 -1.052283e+000 
8.877519e-002 6.255586e-001 
1.718710e-002 -7.976261e-001 
8.488214e-002 -3.135220e-001 
9.637690e-002 -6.022098e-001 
1.321918e-001 1.259060e+000 
-6.434490e-003 8.584843e-001 
1.317053e-001 -2.105292e+000 
2.280173e-002 -3.609372e-001 
-1.429637e-001 5.535567e-001 
-1.497010e-002 -1.556384e+000 
-5.049676e-002 -2.066657e-001 
-1.729141e-001 -4.255675e-001 
-4.174722e-002 4.937782e-001 
-6.149685e-002 -8.709076e-001 
7.207767e-002 7.982766e-002 
3.393638e-002 -5.216191e-001 
8.828451e-002 -1.413861e+000 
2.842452e-002 -3.842932e-001 
-1.455413e-002 -4.579222e-001 
-8.964590e-003 -2.914707e-001 
2.891609e-002 -3.012240e-001 
1.164831e-001 -1.588594e+000 
8.057293e-002 1.094287e+000 
-1.355643e-001 1.324167e+000 
1.208929e-002 -1.264796e-001 
-2.221779e-002 -7.371638e-001 
5.717323e-002 2.137188e-001 
-3.001404e-002 -4.005291e-001 
1.134277e-001 6.493775e-002 
-1.793564e-002 -1.757996e+000 
-1.467067e-001 1.686748e+000 
1.395346e-001 3.274002e-001 
1.571597e+000 1.684295e+000 
1.659865e+000 1.195283e-001 
1.293526e+000 6.506675e-001 
1.425637e+000 2.080061e+000 
1.517618e+000 -3.392249e-001 
1.552784e+000 7.301128e-001 
1.444685e+000 2.939690e-001 
1.529828e+000 -8.491089e-001 
1.377339e+000 -2.533858e+000 
1.481032e+000 -2.378941e+000 
1.469829e+000 -3.462758e-001 
1.595696e+000 -6.109373e-001 
1.446663e+000 -4.081917e-001 
1.409892e+000 -1.415611e+000 
1.410745e+000 2.271224e-001 
1.527872e+000 2.079740e-001 
1.425419e+000 -7.197183e-001 
1.660346e+000 7.577618e-001 
1.557427e+000 -1.643135e+000 
1.532065e+000 -1.056813e+000 
1.484862e+000 -2.516618e-001 
1.531576e+000 -1.298441e+000 
1.634370e+000 1.233255e+000 
1.276217e+000 1.494625e+000 
1.629291e+000 2.359383e-001 
1.462154e+000 -1.404359e+000 
1.500252e+000 6.587910e-001 
1.588464e+000 -2.556613e+000 
1.558245e+000 -5.349454e-001 
1.338576e+000 3.202525e+000 
1.349633e+000 4.391976e-001 
1.557359e+000 -1.149901e+000 
1.408946e+000 8.867647e-001 
1.336872e+000 -2.833865e-001 
1.464086e+000 1.035336e+000 
1.460238e+000 -3.648779e-001 
1.383869e+000 1.341987e+000 
1.389016e+000 1.008872e+000 
1.529067e+000 2.138744e-001 
1.308976e+000 -2.992639e-001 
1.631477e+000 2.558492e-001 
1.566532e+000 -1.908257e-001 
1.472489e+000 -7.906047e-002 
1.497698e+000 6.998512e-001 
1.409202e+000 -7.965401e-001 
1.395634e+000 -8.012835e-001 
1.537352e+000 -7.598599e-003 
1.590153e+000 -7.268104e-001 
1.627854e+000 -1.490902e+000 
1.487154e+000 8.703345e-001 
1.561282e+000 -2.656750e-001 
1.695652e+000 -1.566695e+000 
1.726633e+000 -3.946365e-001 
1.462604e+000 -1.438548e-001 
1.723804e+000 -2.334247e+000 
1.484042e+000 -1.357539e+000 
1.429672e+000 -1.815689e+000 
1.556348e+000 1.108422e+000 
1.494970e+000 -1.421148e-001 
1.616359e+000 1.112757e+000 
1.565881e+000 5.592640e-001 
1.344991e+000 4.783697e-001 
1.197088e+000 -6.793846e-001 
1.554058e+000 2.849667e-001 
1.399100e+000 -1.332935e+000 
1.590805e+000 -7.239802e-001 
1.658230e+000 -6.636004e-001 
1.402091e+000 1.984432e-001 
1.600790e+000 -1.794868e+000 
1.515849e+000 -1.387673e+000 
1.441307e+000 1.977684e-001 
1.657408e+000 1.469328e+000 
1.448335e+000 3.664932e-001 
1.622780e+000 -4.427754e-001 
1.658388e+000 -4.856257e-002 
1.291105e+000 7.770854e-002 
1.794955e+000 1.957910e+000 
1.635612e+000 -7.284791e-002 
1.605007e+000 9.388099e-001 
1.423283e+000 -7.960822e-002 
1.474235e+000 -8.009591e-001 
1.362815e+000 3.094241e-001 
1.373234e+000 1.051826e+000 
1.410505e+000 -1.664211e+000 
1.558909e+000 -1.090792e+000 
1.684263e+000 -1.917308e-001 
1.634797e+000 4.634013e-001 
1.450875e+000 -9.241470e-001 
1.282243e+000 -6.496573e-001 
1.523700e+000 6.228932e-001 
1.426459e+000 -1.335107e+000 
1.322058e+000 1.047689e+000 
1.544803e+000 8.633273e-001 
1.558121e+000 -6.424113e-001 
1.585661e+000 6.600103e-001 
1.473374e+000 1.294116e+000 
1.458253e+000 3.145791e-001 
1.479419e+000 8.595730e-001 
1.482568e+000 1.286700e-001 
1.521758e+000 1.656787e-002 
-4.325648e-002 -3.914200e+000 
-1.665584e-001 -3.874600e+000 
1.253323e-002 -4.159373e+000 
2.876764e-002 -4.144096e+000 
-1.146471e-001 -3.942885e+000 
1.190915e-001 -4.039989e+000 
1.189164e-001 -3.931000e+000 
-3.763328e-003 -3.918438e+000 
3.272924e-002 -3.928809e+000 
1.746391e-002 -3.870975e+000 
-1.867086e-002 -3.933140e+000 
7.257905e-002 -3.880916e+000 
-5.883165e-002 -4.120246e+000 
2.183186e-001 -4.001979e+000 
-1.363959e-002 -4.015672e+000 
1.139313e-002 -4.160409e+000 
1.066768e-001 -3.974270e+000 
5.928146e-003 -4.105647e+000 
-9.564841e-003 -3.858486e+000 
-8.323495e-002 -4.080509e+000 
2.944108e-002 -3.947126e+000 
-1.336182e-001 -3.978068e+000 
7.143246e-002 -4.092190e+000 
1.623562e-001 -4.217067e+000 
-6.917757e-002 -4.005919e+000 
1.456744e+000 -3.914200e+000 
1.333442e+000 -3.874600e+000 
1.512533e+000 -4.159373e+000 
1.528768e+000 -4.144096e+000 
1.385353e+000 -3.942885e+000 
1.619092e+000 -4.039989e+000 
1.618916e+000 -3.931000e+000 
1.496237e+000 -3.918438e+000 
1.532729e+000 -3.928809e+000 
1.517464e+000 -3.870975e+000 
1.481329e+000 -3.933140e+000 
1.572579e+000 -3.880916e+000 
1.441168e+000 -4.120246e+000 
1.718319e+000 -4.001979e+000 
1.486360e+000 -4.015672e+000 
1.511393e+000 -4.160409e+000 
1.606677e+000 -3.974270e+000 
1.505928e+000 -4.105647e+000 
1.490435e+000 -3.858486e+000 
1.416765e+000 -4.080509e+000 
1.529441e+000 -3.947126e+000 
1.366382e+000 -3.978068e+000 
1.571432e+000 -4.092190e+000 
1.662356e+000 -4.217067e+000 
1.430822e+000 -4.005919e+000 
